1
0  1  0  0  3  4  
3  0  1  1  3  8  
0  3  0  0  0  3  
0  3  0  0  0  3  
1  1  0  0  0  2  
2
0  1  0  0  3  4  
3  0  1  1  3  8  
0  3  0  0  0  3  
0  3  0  0  1  4  
1  1  0  3  0  5  
3
0  1  0  0  3  4  
3  0  1  1  3  8  
0  3  0  0  0  3  
0  3  0  0  3  6  
1  1  0  1  0  3  
4
0  1  0  0  3  4  
3  0  1  1  3  8  
0  3  0  0  1  4  
0  3  0  0  0  3  
1  1  3  0  0  5  
5
0  1  0  0  3  4  
3  0  1  1  3  8  
0  3  0  0  1  4  
0  3  0  0  1  4  
1  1  3  3  0  8  
6
0  1  0  0  3  4  
3  0  1  1  3  8  
0  3  0  0  1  4  
0  3  0  0  3  6  
1  1  3  1  0  6  
7
0  1  0  0  3  4  
3  0  1  1  3  8  
0  3  0  0  3  6  
0  3  0  0  0  3  
1  1  1  0  0  3  
8
0  1  0  0  3  4  
3  0  1  1  3  8  
0  3  0  0  3  6  
0  3  0  0  1  4  
1  1  1  3  0  6  
9
0  1  0  0  3  4  
3  0  1  1  3  8  
0  3  0  0  3  6  
0  3  0  0  3  6  
1  1  1  1  0  4  
10
0  1  0  0  3  4  
3  0  1  1  3  8  
0  3  0  1  0  4  
0  3  3  0  0  6  
1  1  0  0  0  2  
11
0  1  0  0  3  4  
3  0  1  1  3  8  
0  3  0  1  0  4  
0  3  3  0  1  7  
1  1  0  3  0  5  
12
0  1  0  0  3  4  
3  0  1  1  3  8  
0  3  0  1  0  4  
0  3  3  0  3  9  
1  1  0  1  0  3  
13
0  1  0  0  3  4  
3  0  1  1  3  8  
0  3  0  1  1  5  
0  3  3  0  0  6  
1  1  3  0  0  5  
14
0  1  0  0  3  4  
3  0  1  1  3  8  
0  3  0  1  1  5  
0  3  3  0  1  7  
1  1  3  3  0  8  
15
0  1  0  0  3  4  
3  0  1  1  3  8  
0  3  0  1  1  5  
0  3  3  0  3  9  
1  1  3  1  0  6  
16
0  1  0  0  3  4  
3  0  1  1  3  8  
0  3  0  1  3  7  
0  3  3  0  0  6  
1  1  1  0  0  3  
17
0  1  0  0  3  4  
3  0  1  1  3  8  
0  3  0  1  3  7  
0  3  3  0  1  7  
1  1  1  3  0  6  
18
0  1  0  0  3  4  
3  0  1  1  3  8  
0  3  0  1  3  7  
0  3  3  0  3  9  
1  1  1  1  0  4  
19
0  1  0  0  3  4  
3  0  1  1  3  8  
0  3  0  3  0  6  
0  3  1  0  0  4  
1  1  0  0  0  2  
20
0  1  0  0  3  4  
3  0  1  1  3  8  
0  3  0  3  0  6  
0  3  1  0  1  5  
1  1  0  3  0  5  
21
0  1  0  0  3  4  
3  0  1  1  3  8  
0  3  0  3  0  6  
0  3  1  0  3  7  
1  1  0  1  0  3  
22
0  1  0  0  3  4  
3  0  1  1  3  8  
0  3  0  3  1  7  
0  3  1  0  0  4  
1  1  3  0  0  5  
23
0  1  0  0  3  4  
3  0  1  1  3  8  
0  3  0  3  1  7  
0  3  1  0  1  5  
1  1  3  3  0  8  
24
0  1  0  0  3  4  
3  0  1  1  3  8  
0  3  0  3  1  7  
0  3  1  0  3  7  
1  1  3  1  0  6  
25
0  1  0  0  3  4  
3  0  1  1  3  8  
0  3  0  3  3  9  
0  3  1  0  0  4  
1  1  1  0  0  3  
26
0  1  0  0  3  4  
3  0  1  1  3  8  
0  3  0  3  3  9  
0  3  1  0  1  5  
1  1  1  3  0  6  
27
0  1  0  0  3  4  
3  0  1  1  3  8  
0  3  0  3  3  9  
0  3  1  0  3  7  
1  1  1  1  0  4  
28
0  1  0  0  3  4  
3  0  3  1  1  8  
0  1  0  0  0  1  
0  3  0  0  0  3  
1  3  0  0  0  4  
29
0  1  0  0  3  4  
3  0  3  1  1  8  
0  1  0  0  0  1  
0  3  0  0  1  4  
1  3  0  3  0  7  
30
0  1  0  0  3  4  
3  0  3  1  1  8  
0  1  0  0  0  1  
0  3  0  0  3  6  
1  3  0  1  0  5  
31
0  1  0  0  3  4  
3  0  3  1  1  8  
0  1  0  0  1  2  
0  3  0  0  0  3  
1  3  3  0  0  7  
32
0  1  0  0  3  4  
3  0  3  1  1  8  
0  1  0  0  1  2  
0  3  0  0  1  4  
1  3  3  3  0  10  
33
0  1  0  0  3  4  
3  0  3  1  1  8  
0  1  0  0  1  2  
0  3  0  0  3  6  
1  3  3  1  0  8  
34
0  1  0  0  3  4  
3  0  3  1  1  8  
0  1  0  0  3  4  
0  3  0  0  0  3  
1  3  1  0  0  5  
35
0  1  0  0  3  4  
3  0  3  1  1  8  
0  1  0  0  3  4  
0  3  0  0  1  4  
1  3  1  3  0  8  
36
0  1  0  0  3  4  
3  0  3  1  1  8  
0  1  0  0  3  4  
0  3  0  0  3  6  
1  3  1  1  0  6  
37
0  1  0  0  3  4  
3  0  3  1  1  8  
0  1  0  1  0  2  
0  3  3  0  0  6  
1  3  0  0  0  4  
38
0  1  0  0  3  4  
3  0  3  1  1  8  
0  1  0  1  0  2  
0  3  3  0  1  7  
1  3  0  3  0  7  
39
0  1  0  0  3  4  
3  0  3  1  1  8  
0  1  0  1  0  2  
0  3  3  0  3  9  
1  3  0  1  0  5  
40
0  1  0  0  3  4  
3  0  3  1  1  8  
0  1  0  1  1  3  
0  3  3  0  0  6  
1  3  3  0  0  7  
41
0  1  0  0  3  4  
3  0  3  1  1  8  
0  1  0  1  1  3  
0  3  3  0  1  7  
1  3  3  3  0  10  
42
0  1  0  0  3  4  
3  0  3  1  1  8  
0  1  0  1  1  3  
0  3  3  0  3  9  
1  3  3  1  0  8  
43
0  1  0  0  3  4  
3  0  3  1  1  8  
0  1  0  1  3  5  
0  3  3  0  0  6  
1  3  1  0  0  5  
44
0  1  0  0  3  4  
3  0  3  1  1  8  
0  1  0  1  3  5  
0  3  3  0  1  7  
1  3  1  3  0  8  
45
0  1  0  0  3  4  
3  0  3  1  1  8  
0  1  0  1  3  5  
0  3  3  0  3  9  
1  3  1  1  0  6  
46
0  1  0  0  3  4  
3  0  3  1  1  8  
0  1  0  3  0  4  
0  3  1  0  0  4  
1  3  0  0  0  4  
47
0  1  0  0  3  4  
3  0  3  1  1  8  
0  1  0  3  0  4  
0  3  1  0  1  5  
1  3  0  3  0  7  
48
0  1  0  0  3  4  
3  0  3  1  1  8  
0  1  0  3  0  4  
0  3  1  0  3  7  
1  3  0  1  0  5  
49
0  1  0  0  3  4  
3  0  3  1  1  8  
0  1  0  3  1  5  
0  3  1  0  0  4  
1  3  3  0  0  7  
50
0  1  0  0  3  4  
3  0  3  1  1  8  
0  1  0  3  1  5  
0  3  1  0  1  5  
1  3  3  3  0  10  
51
0  1  0  0  3  4  
3  0  3  1  1  8  
0  1  0  3  1  5  
0  3  1  0  3  7  
1  3  3  1  0  8  
52
0  1  0  0  3  4  
3  0  3  1  1  8  
0  1  0  3  3  7  
0  3  1  0  0  4  
1  3  1  0  0  5  
53
0  1  0  0  3  4  
3  0  3  1  1  8  
0  1  0  3  3  7  
0  3  1  0  1  5  
1  3  1  3  0  8  
54
0  1  0  0  3  4  
3  0  3  1  1  8  
0  1  0  3  3  7  
0  3  1  0  3  7  
1  3  1  1  0  6  
55
0  1  3  0  0  4  
3  0  1  1  3  8  
1  3  0  0  0  4  
0  3  0  0  0  3  
0  1  0  0  0  1  
56
0  1  3  0  0  4  
3  0  1  1  3  8  
1  3  0  0  0  4  
0  3  0  0  1  4  
0  1  0  3  0  4  
57
0  1  3  0  0  4  
3  0  1  1  3  8  
1  3  0  0  0  4  
0  3  0  0  3  6  
0  1  0  1  0  2  
58
0  1  3  0  0  4  
3  0  1  1  3  8  
1  3  0  0  1  5  
0  3  0  0  0  3  
0  1  3  0  0  4  
59
0  1  3  0  0  4  
3  0  1  1  3  8  
1  3  0  0  1  5  
0  3  0  0  1  4  
0  1  3  3  0  7  
60
0  1  3  0  0  4  
3  0  1  1  3  8  
1  3  0  0  1  5  
0  3  0  0  3  6  
0  1  3  1  0  5  
61
0  1  3  0  0  4  
3  0  1  1  3  8  
1  3  0  0  3  7  
0  3  0  0  0  3  
0  1  1  0  0  2  
62
0  1  3  0  0  4  
3  0  1  1  3  8  
1  3  0  0  3  7  
0  3  0  0  1  4  
0  1  1  3  0  5  
63
0  1  3  0  0  4  
3  0  1  1  3  8  
1  3  0  0  3  7  
0  3  0  0  3  6  
0  1  1  1  0  3  
64
0  1  3  0  0  4  
3  0  1  1  3  8  
1  3  0  1  0  5  
0  3  3  0  0  6  
0  1  0  0  0  1  
65
0  1  3  0  0  4  
3  0  1  1  3  8  
1  3  0  1  0  5  
0  3  3  0  1  7  
0  1  0  3  0  4  
66
0  1  3  0  0  4  
3  0  1  1  3  8  
1  3  0  1  0  5  
0  3  3  0  3  9  
0  1  0  1  0  2  
67
0  1  3  0  0  4  
3  0  1  1  3  8  
1  3  0  1  1  6  
0  3  3  0  0  6  
0  1  3  0  0  4  
68
0  1  3  0  0  4  
3  0  1  1  3  8  
1  3  0  1  1  6  
0  3  3  0  1  7  
0  1  3  3  0  7  
69
0  1  3  0  0  4  
3  0  1  1  3  8  
1  3  0  1  1  6  
0  3  3  0  3  9  
0  1  3  1  0  5  
70
0  1  3  0  0  4  
3  0  1  1  3  8  
1  3  0  1  3  8  
0  3  3  0  0  6  
0  1  1  0  0  2  
71
0  1  3  0  0  4  
3  0  1  1  3  8  
1  3  0  1  3  8  
0  3  3  0  1  7  
0  1  1  3  0  5  
72
0  1  3  0  0  4  
3  0  1  1  3  8  
1  3  0  1  3  8  
0  3  3  0  3  9  
0  1  1  1  0  3  
73
0  1  3  0  0  4  
3  0  1  1  3  8  
1  3  0  3  0  7  
0  3  1  0  0  4  
0  1  0  0  0  1  
74
0  1  3  0  0  4  
3  0  1  1  3  8  
1  3  0  3  0  7  
0  3  1  0  1  5  
0  1  0  3  0  4  
75
0  1  3  0  0  4  
3  0  1  1  3  8  
1  3  0  3  0  7  
0  3  1  0  3  7  
0  1  0  1  0  2  
76
0  1  3  0  0  4  
3  0  1  1  3  8  
1  3  0  3  1  8  
0  3  1  0  0  4  
0  1  3  0  0  4  
77
0  1  3  0  0  4  
3  0  1  1  3  8  
1  3  0  3  1  8  
0  3  1  0  1  5  
0  1  3  3  0  7  
78
0  1  3  0  0  4  
3  0  1  1  3  8  
1  3  0  3  1  8  
0  3  1  0  3  7  
0  1  3  1  0  5  
79
0  1  3  0  0  4  
3  0  1  1  3  8  
1  3  0  3  3  10  
0  3  1  0  0  4  
0  1  1  0  0  2  
80
0  1  3  0  0  4  
3  0  1  1  3  8  
1  3  0  3  3  10  
0  3  1  0  1  5  
0  1  1  3  0  5  
81
0  1  3  0  0  4  
3  0  1  1  3  8  
1  3  0  3  3  10  
0  3  1  0  3  7  
0  1  1  1  0  3  
82
0  1  3  0  0  4  
3  0  3  1  1  8  
1  1  0  0  0  2  
0  3  0  0  0  3  
0  3  0  0  0  3  
83
0  1  3  0  0  4  
3  0  3  1  1  8  
1  1  0  0  0  2  
0  3  0  0  1  4  
0  3  0  3  0  6  
84
0  1  3  0  0  4  
3  0  3  1  1  8  
1  1  0  0  0  2  
0  3  0  0  3  6  
0  3  0  1  0  4  
85
0  1  3  0  0  4  
3  0  3  1  1  8  
1  1  0  0  1  3  
0  3  0  0  0  3  
0  3  3  0  0  6  
86
0  1  3  0  0  4  
3  0  3  1  1  8  
1  1  0  0  1  3  
0  3  0  0  1  4  
0  3  3  3  0  9  
87
0  1  3  0  0  4  
3  0  3  1  1  8  
1  1  0  0  1  3  
0  3  0  0  3  6  
0  3  3  1  0  7  
88
0  1  3  0  0  4  
3  0  3  1  1  8  
1  1  0  0  3  5  
0  3  0  0  0  3  
0  3  1  0  0  4  
89
0  1  3  0  0  4  
3  0  3  1  1  8  
1  1  0  0  3  5  
0  3  0  0  1  4  
0  3  1  3  0  7  
90
0  1  3  0  0  4  
3  0  3  1  1  8  
1  1  0  0  3  5  
0  3  0  0  3  6  
0  3  1  1  0  5  
91
0  1  3  0  0  4  
3  0  3  1  1  8  
1  1  0  1  0  3  
0  3  3  0  0  6  
0  3  0  0  0  3  
92
0  1  3  0  0  4  
3  0  3  1  1  8  
1  1  0  1  0  3  
0  3  3  0  1  7  
0  3  0  3  0  6  
93
0  1  3  0  0  4  
3  0  3  1  1  8  
1  1  0  1  0  3  
0  3  3  0  3  9  
0  3  0  1  0  4  
94
0  1  3  0  0  4  
3  0  3  1  1  8  
1  1  0  1  1  4  
0  3  3  0  0  6  
0  3  3  0  0  6  
95
0  1  3  0  0  4  
3  0  3  1  1  8  
1  1  0  1  1  4  
0  3  3  0  1  7  
0  3  3  3  0  9  
96
0  1  3  0  0  4  
3  0  3  1  1  8  
1  1  0  1  1  4  
0  3  3  0  3  9  
0  3  3  1  0  7  
97
0  1  3  0  0  4  
3  0  3  1  1  8  
1  1  0  1  3  6  
0  3  3  0  0  6  
0  3  1  0  0  4  
98
0  1  3  0  0  4  
3  0  3  1  1  8  
1  1  0  1  3  6  
0  3  3  0  1  7  
0  3  1  3  0  7  
99
0  1  3  0  0  4  
3  0  3  1  1  8  
1  1  0  1  3  6  
0  3  3  0  3  9  
0  3  1  1  0  5  
100
0  1  3  0  0  4  
3  0  3  1  1  8  
1  1  0  3  0  5  
0  3  1  0  0  4  
0  3  0  0  0  3  
101
0  1  3  0  0  4  
3  0  3  1  1  8  
1  1  0  3  0  5  
0  3  1  0  1  5  
0  3  0  3  0  6  
102
0  1  3  0  0  4  
3  0  3  1  1  8  
1  1  0  3  0  5  
0  3  1  0  3  7  
0  3  0  1  0  4  
103
0  1  3  0  0  4  
3  0  3  1  1  8  
1  1  0  3  1  6  
0  3  1  0  0  4  
0  3  3  0  0  6  
104
0  1  3  0  0  4  
3  0  3  1  1  8  
1  1  0  3  1  6  
0  3  1  0  1  5  
0  3  3  3  0  9  
105
0  1  3  0  0  4  
3  0  3  1  1  8  
1  1  0  3  1  6  
0  3  1  0  3  7  
0  3  3  1  0  7  
106
0  1  3  0  0  4  
3  0  3  1  1  8  
1  1  0  3  3  8  
0  3  1  0  0  4  
0  3  1  0  0  4  
107
0  1  3  0  0  4  
3  0  3  1  1  8  
1  1  0  3  3  8  
0  3  1  0  1  5  
0  3  1  3  0  7  
108
0  1  3  0  0  4  
3  0  3  1  1  8  
1  1  0  3  3  8  
0  3  1  0  3  7  
0  3  1  1  0  5  
1
0  1  0  0  3  4  
3  0  1  1  3  8  
0  3  0  0  0  3  
0  3  0  0  0  3  
1  1  0  0  0  2  
2
0  1  0  0  3  4  
3  0  1  1  3  8  
0  3  0  0  0  3  
0  3  0  0  1  4  
1  1  0  3  0  5  
3
0  1  0  0  3  4  
3  0  1  1  3  8  
0  3  0  0  0  3  
0  3  0  0  3  6  
1  1  0  1  0  3  
4
0  1  0  0  3  4  
3  0  1  1  3  8  
0  3  0  0  1  4  
0  3  0  0  0  3  
1  1  3  0  0  5  
5
0  1  0  0  3  4  
3  0  1  1  3  8  
0  3  0  0  1  4  
0  3  0  0  1  4  
1  1  3  3  0  8  
6
0  1  0  0  3  4  
3  0  1  1  3  8  
0  3  0  0  1  4  
0  3  0  0  3  6  
1  1  3  1  0  6  
7
0  1  0  0  3  4  
3  0  1  1  3  8  
0  3  0  0  3  6  
0  3  0  0  0  3  
1  1  1  0  0  3  
8
0  1  0  0  3  4  
3  0  1  1  3  8  
0  3  0  0  3  6  
0  3  0  0  1  4  
1  1  1  3  0  6  
9
0  1  0  0  3  4  
3  0  1  1  3  8  
0  3  0  0  3  6  
0  3  0  0  3  6  
1  1  1  1  0  4  
10
0  1  0  0  3  4  
3  0  1  1  3  8  
0  3  0  1  0  4  
0  3  3  0  0  6  
1  1  0  0  0  2  
11
0  1  0  0  3  4  
3  0  1  1  3  8  
0  3  0  1  0  4  
0  3  3  0  1  7  
1  1  0  3  0  5  
12
0  1  0  0  3  4  
3  0  1  1  3  8  
0  3  0  1  0  4  
0  3  3  0  3  9  
1  1  0  1  0  3  
13
0  1  0  0  3  4  
3  0  1  1  3  8  
0  3  0  1  1  5  
0  3  3  0  0  6  
1  1  3  0  0  5  
14
0  1  0  0  3  4  
3  0  1  1  3  8  
0  3  0  1  1  5  
0  3  3  0  1  7  
1  1  3  3  0  8  
15
0  1  0  0  3  4  
3  0  1  1  3  8  
0  3  0  1  1  5  
0  3  3  0  3  9  
1  1  3  1  0  6  
16
0  1  0  0  3  4  
3  0  1  1  3  8  
0  3  0  1  3  7  
0  3  3  0  0  6  
1  1  1  0  0  3  
17
0  1  0  0  3  4  
3  0  1  1  3  8  
0  3  0  1  3  7  
0  3  3  0  1  7  
1  1  1  3  0  6  
18
0  1  0  0  3  4  
3  0  1  1  3  8  
0  3  0  1  3  7  
0  3  3  0  3  9  
1  1  1  1  0  4  
19
0  1  0  0  3  4  
3  0  1  1  3  8  
0  3  0  3  0  6  
0  3  1  0  0  4  
1  1  0  0  0  2  
20
0  1  0  0  3  4  
3  0  1  1  3  8  
0  3  0  3  0  6  
0  3  1  0  1  5  
1  1  0  3  0  5  
21
0  1  0  0  3  4  
3  0  1  1  3  8  
0  3  0  3  0  6  
0  3  1  0  3  7  
1  1  0  1  0  3  
22
0  1  0  0  3  4  
3  0  1  1  3  8  
0  3  0  3  1  7  
0  3  1  0  0  4  
1  1  3  0  0  5  
23
0  1  0  0  3  4  
3  0  1  1  3  8  
0  3  0  3  1  7  
0  3  1  0  1  5  
1  1  3  3  0  8  
24
0  1  0  0  3  4  
3  0  1  1  3  8  
0  3  0  3  1  7  
0  3  1  0  3  7  
1  1  3  1  0  6  
25
0  1  0  0  3  4  
3  0  1  1  3  8  
0  3  0  3  3  9  
0  3  1  0  0  4  
1  1  1  0  0  3  
26
0  1  0  0  3  4  
3  0  1  1  3  8  
0  3  0  3  3  9  
0  3  1  0  1  5  
1  1  1  3  0  6  
27
0  1  0  0  3  4  
3  0  1  1  3  8  
0  3  0  3  3  9  
0  3  1  0  3  7  
1  1  1  1  0  4  
28
0  1  0  0  3  4  
3  0  3  1  1  8  
0  1  0  0  0  1  
0  3  0  0  0  3  
1  3  0  0  0  4  
29
0  1  0  0  3  4  
3  0  3  1  1  8  
0  1  0  0  0  1  
0  3  0  0  1  4  
1  3  0  3  0  7  
30
0  1  0  0  3  4  
3  0  3  1  1  8  
0  1  0  0  0  1  
0  3  0  0  3  6  
1  3  0  1  0  5  
31
0  1  0  0  3  4  
3  0  3  1  1  8  
0  1  0  0  1  2  
0  3  0  0  0  3  
1  3  3  0  0  7  
32
0  1  0  0  3  4  
3  0  3  1  1  8  
0  1  0  0  1  2  
0  3  0  0  1  4  
1  3  3  3  0  10  
33
0  1  0  0  3  4  
3  0  3  1  1  8  
0  1  0  0  1  2  
0  3  0  0  3  6  
1  3  3  1  0  8  
34
0  1  0  0  3  4  
3  0  3  1  1  8  
0  1  0  0  3  4  
0  3  0  0  0  3  
1  3  1  0  0  5  
35
0  1  0  0  3  4  
3  0  3  1  1  8  
0  1  0  0  3  4  
0  3  0  0  1  4  
1  3  1  3  0  8  
36
0  1  0  0  3  4  
3  0  3  1  1  8  
0  1  0  0  3  4  
0  3  0  0  3  6  
1  3  1  1  0  6  
37
0  1  0  0  3  4  
3  0  3  1  1  8  
0  1  0  1  0  2  
0  3  3  0  0  6  
1  3  0  0  0  4  
38
0  1  0  0  3  4  
3  0  3  1  1  8  
0  1  0  1  0  2  
0  3  3  0  1  7  
1  3  0  3  0  7  
39
0  1  0  0  3  4  
3  0  3  1  1  8  
0  1  0  1  0  2  
0  3  3  0  3  9  
1  3  0  1  0  5  
40
0  1  0  0  3  4  
3  0  3  1  1  8  
0  1  0  1  1  3  
0  3  3  0  0  6  
1  3  3  0  0  7  
41
0  1  0  0  3  4  
3  0  3  1  1  8  
0  1  0  1  1  3  
0  3  3  0  1  7  
1  3  3  3  0  10  
42
0  1  0  0  3  4  
3  0  3  1  1  8  
0  1  0  1  1  3  
0  3  3  0  3  9  
1  3  3  1  0  8  
43
0  1  0  0  3  4  
3  0  3  1  1  8  
0  1  0  1  3  5  
0  3  3  0  0  6  
1  3  1  0  0  5  
44
0  1  0  0  3  4  
3  0  3  1  1  8  
0  1  0  1  3  5  
0  3  3  0  1  7  
1  3  1  3  0  8  
45
0  1  0  0  3  4  
3  0  3  1  1  8  
0  1  0  1  3  5  
0  3  3  0  3  9  
1  3  1  1  0  6  
46
0  1  0  0  3  4  
3  0  3  1  1  8  
0  1  0  3  0  4  
0  3  1  0  0  4  
1  3  0  0  0  4  
47
0  1  0  0  3  4  
3  0  3  1  1  8  
0  1  0  3  0  4  
0  3  1  0  1  5  
1  3  0  3  0  7  
48
0  1  0  0  3  4  
3  0  3  1  1  8  
0  1  0  3  0  4  
0  3  1  0  3  7  
1  3  0  1  0  5  
49
0  1  0  0  3  4  
3  0  3  1  1  8  
0  1  0  3  1  5  
0  3  1  0  0  4  
1  3  3  0  0  7  
50
0  1  0  0  3  4  
3  0  3  1  1  8  
0  1  0  3  1  5  
0  3  1  0  1  5  
1  3  3  3  0  10  
51
0  1  0  0  3  4  
3  0  3  1  1  8  
0  1  0  3  1  5  
0  3  1  0  3  7  
1  3  3  1  0  8  
52
0  1  0  0  3  4  
3  0  3  1  1  8  
0  1  0  3  3  7  
0  3  1  0  0  4  
1  3  1  0  0  5  
53
0  1  0  0  3  4  
3  0  3  1  1  8  
0  1  0  3  3  7  
0  3  1  0  1  5  
1  3  1  3  0  8  
54
0  1  0  0  3  4  
3  0  3  1  1  8  
0  1  0  3  3  7  
0  3  1  0  3  7  
1  3  1  1  0  6  
55
0  1  3  0  0  4  
3  0  1  1  3  8  
1  3  0  0  0  4  
0  3  0  0  0  3  
0  1  0  0  0  1  
56
0  1  3  0  0  4  
3  0  1  1  3  8  
1  3  0  0  0  4  
0  3  0  0  1  4  
0  1  0  3  0  4  
57
0  1  3  0  0  4  
3  0  1  1  3  8  
1  3  0  0  0  4  
0  3  0  0  3  6  
0  1  0  1  0  2  
58
0  1  3  0  0  4  
3  0  1  1  3  8  
1  3  0  0  1  5  
0  3  0  0  0  3  
0  1  3  0  0  4  
59
0  1  3  0  0  4  
3  0  1  1  3  8  
1  3  0  0  1  5  
0  3  0  0  1  4  
0  1  3  3  0  7  
60
0  1  3  0  0  4  
3  0  1  1  3  8  
1  3  0  0  1  5  
0  3  0  0  3  6  
0  1  3  1  0  5  
61
0  1  3  0  0  4  
3  0  1  1  3  8  
1  3  0  0  3  7  
0  3  0  0  0  3  
0  1  1  0  0  2  
62
0  1  3  0  0  4  
3  0  1  1  3  8  
1  3  0  0  3  7  
0  3  0  0  1  4  
0  1  1  3  0  5  
63
0  1  3  0  0  4  
3  0  1  1  3  8  
1  3  0  0  3  7  
0  3  0  0  3  6  
0  1  1  1  0  3  
64
0  1  3  0  0  4  
3  0  1  1  3  8  
1  3  0  1  0  5  
0  3  3  0  0  6  
0  1  0  0  0  1  
65
0  1  3  0  0  4  
3  0  1  1  3  8  
1  3  0  1  0  5  
0  3  3  0  1  7  
0  1  0  3  0  4  
66
0  1  3  0  0  4  
3  0  1  1  3  8  
1  3  0  1  0  5  
0  3  3  0  3  9  
0  1  0  1  0  2  
67
0  1  3  0  0  4  
3  0  1  1  3  8  
1  3  0  1  1  6  
0  3  3  0  0  6  
0  1  3  0  0  4  
68
0  1  3  0  0  4  
3  0  1  1  3  8  
1  3  0  1  1  6  
0  3  3  0  1  7  
0  1  3  3  0  7  
69
0  1  3  0  0  4  
3  0  1  1  3  8  
1  3  0  1  1  6  
0  3  3  0  3  9  
0  1  3  1  0  5  
70
0  1  3  0  0  4  
3  0  1  1  3  8  
1  3  0  1  3  8  
0  3  3  0  0  6  
0  1  1  0  0  2  
71
0  1  3  0  0  4  
3  0  1  1  3  8  
1  3  0  1  3  8  
0  3  3  0  1  7  
0  1  1  3  0  5  
72
0  1  3  0  0  4  
3  0  1  1  3  8  
1  3  0  1  3  8  
0  3  3  0  3  9  
0  1  1  1  0  3  
73
0  1  3  0  0  4  
3  0  1  1  3  8  
1  3  0  3  0  7  
0  3  1  0  0  4  
0  1  0  0  0  1  
74
0  1  3  0  0  4  
3  0  1  1  3  8  
1  3  0  3  0  7  
0  3  1  0  1  5  
0  1  0  3  0  4  
75
0  1  3  0  0  4  
3  0  1  1  3  8  
1  3  0  3  0  7  
0  3  1  0  3  7  
0  1  0  1  0  2  
76
0  1  3  0  0  4  
3  0  1  1  3  8  
1  3  0  3  1  8  
0  3  1  0  0  4  
0  1  3  0  0  4  
77
0  1  3  0  0  4  
3  0  1  1  3  8  
1  3  0  3  1  8  
0  3  1  0  1  5  
0  1  3  3  0  7  
78
0  1  3  0  0  4  
3  0  1  1  3  8  
1  3  0  3  1  8  
0  3  1  0  3  7  
0  1  3  1  0  5  
79
0  1  3  0  0  4  
3  0  1  1  3  8  
1  3  0  3  3  10  
0  3  1  0  0  4  
0  1  1  0  0  2  
80
0  1  3  0  0  4  
3  0  1  1  3  8  
1  3  0  3  3  10  
0  3  1  0  1  5  
0  1  1  3  0  5  
81
0  1  3  0  0  4  
3  0  1  1  3  8  
1  3  0  3  3  10  
0  3  1  0  3  7  
0  1  1  1  0  3  
82
0  1  3  0  0  4  
3  0  3  1  1  8  
1  1  0  0  0  2  
0  3  0  0  0  3  
0  3  0  0  0  3  
83
0  1  3  0  0  4  
3  0  3  1  1  8  
1  1  0  0  0  2  
0  3  0  0  1  4  
0  3  0  3  0  6  
84
0  1  3  0  0  4  
3  0  3  1  1  8  
1  1  0  0  0  2  
0  3  0  0  3  6  
0  3  0  1  0  4  
85
0  1  3  0  0  4  
3  0  3  1  1  8  
1  1  0  0  1  3  
0  3  0  0  0  3  
0  3  3  0  0  6  
86
0  1  3  0  0  4  
3  0  3  1  1  8  
1  1  0  0  1  3  
0  3  0  0  1  4  
0  3  3  3  0  9  
87
0  1  3  0  0  4  
3  0  3  1  1  8  
1  1  0  0  1  3  
0  3  0  0  3  6  
0  3  3  1  0  7  
88
0  1  3  0  0  4  
3  0  3  1  1  8  
1  1  0  0  3  5  
0  3  0  0  0  3  
0  3  1  0  0  4  
89
0  1  3  0  0  4  
3  0  3  1  1  8  
1  1  0  0  3  5  
0  3  0  0  1  4  
0  3  1  3  0  7  
90
0  1  3  0  0  4  
3  0  3  1  1  8  
1  1  0  0  3  5  
0  3  0  0  3  6  
0  3  1  1  0  5  
91
0  1  3  0  0  4  
3  0  3  1  1  8  
1  1  0  1  0  3  
0  3  3  0  0  6  
0  3  0  0  0  3  
92
0  1  3  0  0  4  
3  0  3  1  1  8  
1  1  0  1  0  3  
0  3  3  0  1  7  
0  3  0  3  0  6  
93
0  1  3  0  0  4  
3  0  3  1  1  8  
1  1  0  1  0  3  
0  3  3  0  3  9  
0  3  0  1  0  4  
94
0  1  3  0  0  4  
3  0  3  1  1  8  
1  1  0  1  1  4  
0  3  3  0  0  6  
0  3  3  0  0  6  
95
0  1  3  0  0  4  
3  0  3  1  1  8  
1  1  0  1  1  4  
0  3  3  0  1  7  
0  3  3  3  0  9  
96
0  1  3  0  0  4  
3  0  3  1  1  8  
1  1  0  1  1  4  
0  3  3  0  3  9  
0  3  3  1  0  7  
97
0  1  3  0  0  4  
3  0  3  1  1  8  
1  1  0  1  3  6  
0  3  3  0  0  6  
0  3  1  0  0  4  
98
0  1  3  0  0  4  
3  0  3  1  1  8  
1  1  0  1  3  6  
0  3  3  0  1  7  
0  3  1  3  0  7  
99
0  1  3  0  0  4  
3  0  3  1  1  8  
1  1  0  1  3  6  
0  3  3  0  3  9  
0  3  1  1  0  5  
100
0  1  3  0  0  4  
3  0  3  1  1  8  
1  1  0  3  0  5  
0  3  1  0  0  4  
0  3  0  0  0  3  
101
0  1  3  0  0  4  
3  0  3  1  1  8  
1  1  0  3  0  5  
0  3  1  0  1  5  
0  3  0  3  0  6  
102
0  1  3  0  0  4  
3  0  3  1  1  8  
1  1  0  3  0  5  
0  3  1  0  3  7  
0  3  0  1  0  4  
103
0  1  3  0  0  4  
3  0  3  1  1  8  
1  1  0  3  1  6  
0  3  1  0  0  4  
0  3  3  0  0  6  
104
0  1  3  0  0  4  
3  0  3  1  1  8  
1  1  0  3  1  6  
0  3  1  0  1  5  
0  3  3  3  0  9  
105
0  1  3  0  0  4  
3  0  3  1  1  8  
1  1  0  3  1  6  
0  3  1  0  3  7  
0  3  3  1  0  7  
106
0  1  3  0  0  4  
3  0  3  1  1  8  
1  1  0  3  3  8  
0  3  1  0  0  4  
0  3  1  0  0  4  
107
0  1  3  0  0  4  
3  0  3  1  1  8  
1  1  0  3  3  8  
0  3  1  0  1  5  
0  3  1  3  0  7  
108
0  1  3  0  0  4  
3  0  3  1  1  8  
1  1  0  3  3  8  
0  3  1  0  3  7  
0  3  1  1  0  5  
1
0  1  0  0  3  4  
3  0  1  1  3  8  
0  3  0  0  0  3  
0  3  0  0  0  3  
1  1  0  0  0  2  
2
0  1  0  0  3  4  
3  0  1  1  3  8  
0  3  0  0  0  3  
0  3  0  0  1  4  
1  1  0  3  0  5  
3
0  1  0  0  3  4  
3  0  1  1  3  8  
0  3  0  0  0  3  
0  3  0  0  3  6  
1  1  0  1  0  3  
4
0  1  0  0  3  4  
3  0  1  1  3  8  
0  3  0  0  1  4  
0  3  0  0  0  3  
1  1  3  0  0  5  
5
0  1  0  0  3  4  
3  0  1  1  3  8  
0  3  0  0  1  4  
0  3  0  0  1  4  
1  1  3  3  0  8  
6
0  1  0  0  3  4  
3  0  1  1  3  8  
0  3  0  0  1  4  
0  3  0  0  3  6  
1  1  3  1  0  6  
7
0  1  0  0  3  4  
3  0  1  1  3  8  
0  3  0  0  3  6  
0  3  0  0  0  3  
1  1  1  0  0  3  
8
0  1  0  0  3  4  
3  0  1  1  3  8  
0  3  0  0  3  6  
0  3  0  0  1  4  
1  1  1  3  0  6  
9
0  1  0  0  3  4  
3  0  1  1  3  8  
0  3  0  0  3  6  
0  3  0  0  3  6  
1  1  1  1  0  4  
10
0  1  0  0  3  4  
3  0  1  1  3  8  
0  3  0  1  0  4  
0  3  3  0  0  6  
1  1  0  0  0  2  
11
0  1  0  0  3  4  
3  0  1  1  3  8  
0  3  0  1  0  4  
0  3  3  0  1  7  
1  1  0  3  0  5  
12
0  1  0  0  3  4  
3  0  1  1  3  8  
0  3  0  1  0  4  
0  3  3  0  3  9  
1  1  0  1  0  3  
13
0  1  0  0  3  4  
3  0  1  1  3  8  
0  3  0  1  1  5  
0  3  3  0  0  6  
1  1  3  0  0  5  
14
0  1  0  0  3  4  
3  0  1  1  3  8  
0  3  0  1  1  5  
0  3  3  0  1  7  
1  1  3  3  0  8  
15
0  1  0  0  3  4  
3  0  1  1  3  8  
0  3  0  1  1  5  
0  3  3  0  3  9  
1  1  3  1  0  6  
16
0  1  0  0  3  4  
3  0  1  1  3  8  
0  3  0  1  3  7  
0  3  3  0  0  6  
1  1  1  0  0  3  
17
0  1  0  0  3  4  
3  0  1  1  3  8  
0  3  0  1  3  7  
0  3  3  0  1  7  
1  1  1  3  0  6  
18
0  1  0  0  3  4  
3  0  1  1  3  8  
0  3  0  1  3  7  
0  3  3  0  3  9  
1  1  1  1  0  4  
19
0  1  0  0  3  4  
3  0  1  1  3  8  
0  3  0  3  0  6  
0  3  1  0  0  4  
1  1  0  0  0  2  
20
0  1  0  0  3  4  
3  0  1  1  3  8  
0  3  0  3  0  6  
0  3  1  0  1  5  
1  1  0  3  0  5  
21
0  1  0  0  3  4  
3  0  1  1  3  8  
0  3  0  3  0  6  
0  3  1  0  3  7  
1  1  0  1  0  3  
22
0  1  0  0  3  4  
3  0  1  1  3  8  
0  3  0  3  1  7  
0  3  1  0  0  4  
1  1  3  0  0  5  
23
0  1  0  0  3  4  
3  0  1  1  3  8  
0  3  0  3  1  7  
0  3  1  0  1  5  
1  1  3  3  0  8  
24
0  1  0  0  3  4  
3  0  1  1  3  8  
0  3  0  3  1  7  
0  3  1  0  3  7  
1  1  3  1  0  6  
25
0  1  0  0  3  4  
3  0  1  1  3  8  
0  3  0  3  3  9  
0  3  1  0  0  4  
1  1  1  0  0  3  
26
0  1  0  0  3  4  
3  0  1  1  3  8  
0  3  0  3  3  9  
0  3  1  0  1  5  
1  1  1  3  0  6  
27
0  1  0  0  3  4  
3  0  1  1  3  8  
0  3  0  3  3  9  
0  3  1  0  3  7  
1  1  1  1  0  4  
28
0  1  0  0  3  4  
3  0  3  1  1  8  
0  1  0  0  0  1  
0  3  0  0  0  3  
1  3  0  0  0  4  
29
0  1  0  0  3  4  
3  0  3  1  1  8  
0  1  0  0  0  1  
0  3  0  0  1  4  
1  3  0  3  0  7  
30
0  1  0  0  3  4  
3  0  3  1  1  8  
0  1  0  0  0  1  
0  3  0  0  3  6  
1  3  0  1  0  5  
31
0  1  0  0  3  4  
3  0  3  1  1  8  
0  1  0  0  1  2  
0  3  0  0  0  3  
1  3  3  0  0  7  
32
0  1  0  0  3  4  
3  0  3  1  1  8  
0  1  0  0  1  2  
0  3  0  0  1  4  
1  3  3  3  0  10  
33
0  1  0  0  3  4  
3  0  3  1  1  8  
0  1  0  0  1  2  
0  3  0  0  3  6  
1  3  3  1  0  8  
34
0  1  0  0  3  4  
3  0  3  1  1  8  
0  1  0  0  3  4  
0  3  0  0  0  3  
1  3  1  0  0  5  
35
0  1  0  0  3  4  
3  0  3  1  1  8  
0  1  0  0  3  4  
0  3  0  0  1  4  
1  3  1  3  0  8  
36
0  1  0  0  3  4  
3  0  3  1  1  8  
0  1  0  0  3  4  
0  3  0  0  3  6  
1  3  1  1  0  6  
37
0  1  0  0  3  4  
3  0  3  1  1  8  
0  1  0  1  0  2  
0  3  3  0  0  6  
1  3  0  0  0  4  
38
0  1  0  0  3  4  
3  0  3  1  1  8  
0  1  0  1  0  2  
0  3  3  0  1  7  
1  3  0  3  0  7  
39
0  1  0  0  3  4  
3  0  3  1  1  8  
0  1  0  1  0  2  
0  3  3  0  3  9  
1  3  0  1  0  5  
40
0  1  0  0  3  4  
3  0  3  1  1  8  
0  1  0  1  1  3  
0  3  3  0  0  6  
1  3  3  0  0  7  
41
0  1  0  0  3  4  
3  0  3  1  1  8  
0  1  0  1  1  3  
0  3  3  0  1  7  
1  3  3  3  0  10  
42
0  1  0  0  3  4  
3  0  3  1  1  8  
0  1  0  1  1  3  
0  3  3  0  3  9  
1  3  3  1  0  8  
43
0  1  0  0  3  4  
3  0  3  1  1  8  
0  1  0  1  3  5  
0  3  3  0  0  6  
1  3  1  0  0  5  
44
0  1  0  0  3  4  
3  0  3  1  1  8  
0  1  0  1  3  5  
0  3  3  0  1  7  
1  3  1  3  0  8  
45
0  1  0  0  3  4  
3  0  3  1  1  8  
0  1  0  1  3  5  
0  3  3  0  3  9  
1  3  1  1  0  6  
46
0  1  0  0  3  4  
3  0  3  1  1  8  
0  1  0  3  0  4  
0  3  1  0  0  4  
1  3  0  0  0  4  
47
0  1  0  0  3  4  
3  0  3  1  1  8  
0  1  0  3  0  4  
0  3  1  0  1  5  
1  3  0  3  0  7  
48
0  1  0  0  3  4  
3  0  3  1  1  8  
0  1  0  3  0  4  
0  3  1  0  3  7  
1  3  0  1  0  5  
49
0  1  0  0  3  4  
3  0  3  1  1  8  
0  1  0  3  1  5  
0  3  1  0  0  4  
1  3  3  0  0  7  
50
0  1  0  0  3  4  
3  0  3  1  1  8  
0  1  0  3  1  5  
0  3  1  0  1  5  
1  3  3  3  0  10  
51
0  1  0  0  3  4  
3  0  3  1  1  8  
0  1  0  3  1  5  
0  3  1  0  3  7  
1  3  3  1  0  8  
52
0  1  0  0  3  4  
3  0  3  1  1  8  
0  1  0  3  3  7  
0  3  1  0  0  4  
1  3  1  0  0  5  
53
0  1  0  0  3  4  
3  0  3  1  1  8  
0  1  0  3  3  7  
0  3  1  0  1  5  
1  3  1  3  0  8  
54
0  1  0  0  3  4  
3  0  3  1  1  8  
0  1  0  3  3  7  
0  3  1  0  3  7  
1  3  1  1  0  6  
55
0  1  3  0  0  4  
3  0  1  1  3  8  
1  3  0  0  0  4  
0  3  0  0  0  3  
0  1  0  0  0  1  
56
0  1  3  0  0  4  
3  0  1  1  3  8  
1  3  0  0  0  4  
0  3  0  0  1  4  
0  1  0  3  0  4  
57
0  1  3  0  0  4  
3  0  1  1  3  8  
1  3  0  0  0  4  
0  3  0  0  3  6  
0  1  0  1  0  2  
58
0  1  3  0  0  4  
3  0  1  1  3  8  
1  3  0  0  1  5  
0  3  0  0  0  3  
0  1  3  0  0  4  
59
0  1  3  0  0  4  
3  0  1  1  3  8  
1  3  0  0  1  5  
0  3  0  0  1  4  
0  1  3  3  0  7  
60
0  1  3  0  0  4  
3  0  1  1  3  8  
1  3  0  0  1  5  
0  3  0  0  3  6  
0  1  3  1  0  5  
61
0  1  3  0  0  4  
3  0  1  1  3  8  
1  3  0  0  3  7  
0  3  0  0  0  3  
0  1  1  0  0  2  
62
0  1  3  0  0  4  
3  0  1  1  3  8  
1  3  0  0  3  7  
0  3  0  0  1  4  
0  1  1  3  0  5  
63
0  1  3  0  0  4  
3  0  1  1  3  8  
1  3  0  0  3  7  
0  3  0  0  3  6  
0  1  1  1  0  3  
64
0  1  3  0  0  4  
3  0  1  1  3  8  
1  3  0  1  0  5  
0  3  3  0  0  6  
0  1  0  0  0  1  
65
0  1  3  0  0  4  
3  0  1  1  3  8  
1  3  0  1  0  5  
0  3  3  0  1  7  
0  1  0  3  0  4  
66
0  1  3  0  0  4  
3  0  1  1  3  8  
1  3  0  1  0  5  
0  3  3  0  3  9  
0  1  0  1  0  2  
67
0  1  3  0  0  4  
3  0  1  1  3  8  
1  3  0  1  1  6  
0  3  3  0  0  6  
0  1  3  0  0  4  
68
0  1  3  0  0  4  
3  0  1  1  3  8  
1  3  0  1  1  6  
0  3  3  0  1  7  
0  1  3  3  0  7  
69
0  1  3  0  0  4  
3  0  1  1  3  8  
1  3  0  1  1  6  
0  3  3  0  3  9  
0  1  3  1  0  5  
70
0  1  3  0  0  4  
3  0  1  1  3  8  
1  3  0  1  3  8  
0  3  3  0  0  6  
0  1  1  0  0  2  
71
0  1  3  0  0  4  
3  0  1  1  3  8  
1  3  0  1  3  8  
0  3  3  0  1  7  
0  1  1  3  0  5  
72
0  1  3  0  0  4  
3  0  1  1  3  8  
1  3  0  1  3  8  
0  3  3  0  3  9  
0  1  1  1  0  3  
73
0  1  3  0  0  4  
3  0  1  1  3  8  
1  3  0  3  0  7  
0  3  1  0  0  4  
0  1  0  0  0  1  
74
0  1  3  0  0  4  
3  0  1  1  3  8  
1  3  0  3  0  7  
0  3  1  0  1  5  
0  1  0  3  0  4  
75
0  1  3  0  0  4  
3  0  1  1  3  8  
1  3  0  3  0  7  
0  3  1  0  3  7  
0  1  0  1  0  2  
76
0  1  3  0  0  4  
3  0  1  1  3  8  
1  3  0  3  1  8  
0  3  1  0  0  4  
0  1  3  0  0  4  
77
0  1  3  0  0  4  
3  0  1  1  3  8  
1  3  0  3  1  8  
0  3  1  0  1  5  
0  1  3  3  0  7  
78
0  1  3  0  0  4  
3  0  1  1  3  8  
1  3  0  3  1  8  
0  3  1  0  3  7  
0  1  3  1  0  5  
79
0  1  3  0  0  4  
3  0  1  1  3  8  
1  3  0  3  3  10  
0  3  1  0  0  4  
0  1  1  0  0  2  
80
0  1  3  0  0  4  
3  0  1  1  3  8  
1  3  0  3  3  10  
0  3  1  0  1  5  
0  1  1  3  0  5  
81
0  1  3  0  0  4  
3  0  1  1  3  8  
1  3  0  3  3  10  
0  3  1  0  3  7  
0  1  1  1  0  3  
82
0  1  3  0  0  4  
3  0  3  1  1  8  
1  1  0  0  0  2  
0  3  0  0  0  3  
0  3  0  0  0  3  
83
0  1  3  0  0  4  
3  0  3  1  1  8  
1  1  0  0  0  2  
0  3  0  0  1  4  
0  3  0  3  0  6  
84
0  1  3  0  0  4  
3  0  3  1  1  8  
1  1  0  0  0  2  
0  3  0  0  3  6  
0  3  0  1  0  4  
85
0  1  3  0  0  4  
3  0  3  1  1  8  
1  1  0  0  1  3  
0  3  0  0  0  3  
0  3  3  0  0  6  
86
0  1  3  0  0  4  
3  0  3  1  1  8  
1  1  0  0  1  3  
0  3  0  0  1  4  
0  3  3  3  0  9  
87
0  1  3  0  0  4  
3  0  3  1  1  8  
1  1  0  0  1  3  
0  3  0  0  3  6  
0  3  3  1  0  7  
88
0  1  3  0  0  4  
3  0  3  1  1  8  
1  1  0  0  3  5  
0  3  0  0  0  3  
0  3  1  0  0  4  
89
0  1  3  0  0  4  
3  0  3  1  1  8  
1  1  0  0  3  5  
0  3  0  0  1  4  
0  3  1  3  0  7  
90
0  1  3  0  0  4  
3  0  3  1  1  8  
1  1  0  0  3  5  
0  3  0  0  3  6  
0  3  1  1  0  5  
91
0  1  3  0  0  4  
3  0  3  1  1  8  
1  1  0  1  0  3  
0  3  3  0  0  6  
0  3  0  0  0  3  
92
0  1  3  0  0  4  
3  0  3  1  1  8  
1  1  0  1  0  3  
0  3  3  0  1  7  
0  3  0  3  0  6  
93
0  1  3  0  0  4  
3  0  3  1  1  8  
1  1  0  1  0  3  
0  3  3  0  3  9  
0  3  0  1  0  4  
94
0  1  3  0  0  4  
3  0  3  1  1  8  
1  1  0  1  1  4  
0  3  3  0  0  6  
0  3  3  0  0  6  
95
0  1  3  0  0  4  
3  0  3  1  1  8  
1  1  0  1  1  4  
0  3  3  0  1  7  
0  3  3  3  0  9  
96
0  1  3  0  0  4  
3  0  3  1  1  8  
1  1  0  1  1  4  
0  3  3  0  3  9  
0  3  3  1  0  7  
97
0  1  3  0  0  4  
3  0  3  1  1  8  
1  1  0  1  3  6  
0  3  3  0  0  6  
0  3  1  0  0  4  
98
0  1  3  0  0  4  
3  0  3  1  1  8  
1  1  0  1  3  6  
0  3  3  0  1  7  
0  3  1  3  0  7  
99
0  1  3  0  0  4  
3  0  3  1  1  8  
1  1  0  1  3  6  
0  3  3  0  3  9  
0  3  1  1  0  5  
100
0  1  3  0  0  4  
3  0  3  1  1  8  
1  1  0  3  0  5  
0  3  1  0  0  4  
0  3  0  0  0  3  
101
0  1  3  0  0  4  
3  0  3  1  1  8  
1  1  0  3  0  5  
0  3  1  0  1  5  
0  3  0  3  0  6  
102
0  1  3  0  0  4  
3  0  3  1  1  8  
1  1  0  3  0  5  
0  3  1  0  3  7  
0  3  0  1  0  4  
103
0  1  3  0  0  4  
3  0  3  1  1  8  
1  1  0  3  1  6  
0  3  1  0  0  4  
0  3  3  0  0  6  
104
0  1  3  0  0  4  
3  0  3  1  1  8  
1  1  0  3  1  6  
0  3  1  0  1  5  
0  3  3  3  0  9  
105
0  1  3  0  0  4  
3  0  3  1  1  8  
1  1  0  3  1  6  
0  3  1  0  3  7  
0  3  3  1  0  7  
106
0  1  3  0  0  4  
3  0  3  1  1  8  
1  1  0  3  3  8  
0  3  1  0  0  4  
0  3  1  0  0  4  
107
0  1  3  0  0  4  
3  0  3  1  1  8  
1  1  0  3  3  8  
0  3  1  0  1  5  
0  3  1  3  0  7  
108
0  1  3  0  0  4  
3  0  3  1  1  8  
1  1  0  3  3  8  
0  3  1  0  3  7  
0  3  1  1  0  5  
1
0  1  0  0  3  4  
3  0  1  1  3  8  
0  3  0  0  0  3  
0  3  0  0  0  3  
1  1  0  0  0  2  
2
0  1  0  0  3  4  
3  0  1  1  3  8  
0  3  0  0  0  3  
0  3  0  0  1  4  
1  1  0  3  0  5  
3
0  1  0  0  3  4  
3  0  1  1  3  8  
0  3  0  0  0  3  
0  3  0  0  3  6  
1  1  0  1  0  3  
4
0  1  0  0  3  4  
3  0  1  1  3  8  
0  3  0  0  1  4  
0  3  0  0  0  3  
1  1  3  0  0  5  
5
0  1  0  0  3  4  
3  0  1  1  3  8  
0  3  0  0  1  4  
0  3  0  0  1  4  
1  1  3  3  0  8  
6
0  1  0  0  3  4  
3  0  1  1  3  8  
0  3  0  0  1  4  
0  3  0  0  3  6  
1  1  3  1  0  6  
7
0  1  0  0  3  4  
3  0  1  1  3  8  
0  3  0  0  3  6  
0  3  0  0  0  3  
1  1  1  0  0  3  
8
0  1  0  0  3  4  
3  0  1  1  3  8  
0  3  0  0  3  6  
0  3  0  0  1  4  
1  1  1  3  0  6  
9
0  1  0  0  3  4  
3  0  1  1  3  8  
0  3  0  0  3  6  
0  3  0  0  3  6  
1  1  1  1  0  4  
10
0  1  0  0  3  4  
3  0  1  1  3  8  
0  3  0  1  0  4  
0  3  3  0  0  6  
1  1  0  0  0  2  
11
0  1  0  0  3  4  
3  0  1  1  3  8  
0  3  0  1  0  4  
0  3  3  0  1  7  
1  1  0  3  0  5  
12
0  1  0  0  3  4  
3  0  1  1  3  8  
0  3  0  1  0  4  
0  3  3  0  3  9  
1  1  0  1  0  3  
13
0  1  0  0  3  4  
3  0  1  1  3  8  
0  3  0  1  1  5  
0  3  3  0  0  6  
1  1  3  0  0  5  
14
0  1  0  0  3  4  
3  0  1  1  3  8  
0  3  0  1  1  5  
0  3  3  0  1  7  
1  1  3  3  0  8  
15
0  1  0  0  3  4  
3  0  1  1  3  8  
0  3  0  1  1  5  
0  3  3  0  3  9  
1  1  3  1  0  6  
16
0  1  0  0  3  4  
3  0  1  1  3  8  
0  3  0  1  3  7  
0  3  3  0  0  6  
1  1  1  0  0  3  
17
0  1  0  0  3  4  
3  0  1  1  3  8  
0  3  0  1  3  7  
0  3  3  0  1  7  
1  1  1  3  0  6  
18
0  1  0  0  3  4  
3  0  1  1  3  8  
0  3  0  1  3  7  
0  3  3  0  3  9  
1  1  1  1  0  4  
19
0  1  0  0  3  4  
3  0  1  1  3  8  
0  3  0  3  0  6  
0  3  1  0  0  4  
1  1  0  0  0  2  
20
0  1  0  0  3  4  
3  0  1  1  3  8  
0  3  0  3  0  6  
0  3  1  0  1  5  
1  1  0  3  0  5  
21
0  1  0  0  3  4  
3  0  1  1  3  8  
0  3  0  3  0  6  
0  3  1  0  3  7  
1  1  0  1  0  3  
22
0  1  0  0  3  4  
3  0  1  1  3  8  
0  3  0  3  1  7  
0  3  1  0  0  4  
1  1  3  0  0  5  
23
0  1  0  0  3  4  
3  0  1  1  3  8  
0  3  0  3  1  7  
0  3  1  0  1  5  
1  1  3  3  0  8  
24
0  1  0  0  3  4  
3  0  1  1  3  8  
0  3  0  3  1  7  
0  3  1  0  3  7  
1  1  3  1  0  6  
25
0  1  0  0  3  4  
3  0  1  1  3  8  
0  3  0  3  3  9  
0  3  1  0  0  4  
1  1  1  0  0  3  
26
0  1  0  0  3  4  
3  0  1  1  3  8  
0  3  0  3  3  9  
0  3  1  0  1  5  
1  1  1  3  0  6  
27
0  1  0  0  3  4  
3  0  1  1  3  8  
0  3  0  3  3  9  
0  3  1  0  3  7  
1  1  1  1  0  4  
28
0  1  0  0  3  4  
3  0  3  1  1  8  
0  1  0  0  0  1  
0  3  0  0  0  3  
1  3  0  0  0  4  
29
0  1  0  0  3  4  
3  0  3  1  1  8  
0  1  0  0  0  1  
0  3  0  0  1  4  
1  3  0  3  0  7  
30
0  1  0  0  3  4  
3  0  3  1  1  8  
0  1  0  0  0  1  
0  3  0  0  3  6  
1  3  0  1  0  5  
31
0  1  0  0  3  4  
3  0  3  1  1  8  
0  1  0  0  1  2  
0  3  0  0  0  3  
1  3  3  0  0  7  
32
0  1  0  0  3  4  
3  0  3  1  1  8  
0  1  0  0  1  2  
0  3  0  0  1  4  
1  3  3  3  0  10  
33
0  1  0  0  3  4  
3  0  3  1  1  8  
0  1  0  0  1  2  
0  3  0  0  3  6  
1  3  3  1  0  8  
34
0  1  0  0  3  4  
3  0  3  1  1  8  
0  1  0  0  3  4  
0  3  0  0  0  3  
1  3  1  0  0  5  
35
0  1  0  0  3  4  
3  0  3  1  1  8  
0  1  0  0  3  4  
0  3  0  0  1  4  
1  3  1  3  0  8  
36
0  1  0  0  3  4  
3  0  3  1  1  8  
0  1  0  0  3  4  
0  3  0  0  3  6  
1  3  1  1  0  6  
37
0  1  0  0  3  4  
3  0  3  1  1  8  
0  1  0  1  0  2  
0  3  3  0  0  6  
1  3  0  0  0  4  
38
0  1  0  0  3  4  
3  0  3  1  1  8  
0  1  0  1  0  2  
0  3  3  0  1  7  
1  3  0  3  0  7  
39
0  1  0  0  3  4  
3  0  3  1  1  8  
0  1  0  1  0  2  
0  3  3  0  3  9  
1  3  0  1  0  5  
40
0  1  0  0  3  4  
3  0  3  1  1  8  
0  1  0  1  1  3  
0  3  3  0  0  6  
1  3  3  0  0  7  
41
0  1  0  0  3  4  
3  0  3  1  1  8  
0  1  0  1  1  3  
0  3  3  0  1  7  
1  3  3  3  0  10  
42
0  1  0  0  3  4  
3  0  3  1  1  8  
0  1  0  1  1  3  
0  3  3  0  3  9  
1  3  3  1  0  8  
43
0  1  0  0  3  4  
3  0  3  1  1  8  
0  1  0  1  3  5  
0  3  3  0  0  6  
1  3  1  0  0  5  
44
0  1  0  0  3  4  
3  0  3  1  1  8  
0  1  0  1  3  5  
0  3  3  0  1  7  
1  3  1  3  0  8  
45
0  1  0  0  3  4  
3  0  3  1  1  8  
0  1  0  1  3  5  
0  3  3  0  3  9  
1  3  1  1  0  6  
46
0  1  0  0  3  4  
3  0  3  1  1  8  
0  1  0  3  0  4  
0  3  1  0  0  4  
1  3  0  0  0  4  
47
0  1  0  0  3  4  
3  0  3  1  1  8  
0  1  0  3  0  4  
0  3  1  0  1  5  
1  3  0  3  0  7  
48
0  1  0  0  3  4  
3  0  3  1  1  8  
0  1  0  3  0  4  
0  3  1  0  3  7  
1  3  0  1  0  5  
49
0  1  0  0  3  4  
3  0  3  1  1  8  
0  1  0  3  1  5  
0  3  1  0  0  4  
1  3  3  0  0  7  
50
0  1  0  0  3  4  
3  0  3  1  1  8  
0  1  0  3  1  5  
0  3  1  0  1  5  
1  3  3  3  0  10  
51
0  1  0  0  3  4  
3  0  3  1  1  8  
0  1  0  3  1  5  
0  3  1  0  3  7  
1  3  3  1  0  8  
52
0  1  0  0  3  4  
3  0  3  1  1  8  
0  1  0  3  3  7  
0  3  1  0  0  4  
1  3  1  0  0  5  
53
0  1  0  0  3  4  
3  0  3  1  1  8  
0  1  0  3  3  7  
0  3  1  0  1  5  
1  3  1  3  0  8  
54
0  1  0  0  3  4  
3  0  3  1  1  8  
0  1  0  3  3  7  
0  3  1  0  3  7  
1  3  1  1  0  6  
55
0  1  3  0  0  4  
3  0  1  1  3  8  
1  3  0  0  0  4  
0  3  0  0  0  3  
0  1  0  0  0  1  
56
0  1  3  0  0  4  
3  0  1  1  3  8  
1  3  0  0  0  4  
0  3  0  0  1  4  
0  1  0  3  0  4  
57
0  1  3  0  0  4  
3  0  1  1  3  8  
1  3  0  0  0  4  
0  3  0  0  3  6  
0  1  0  1  0  2  
58
0  1  3  0  0  4  
3  0  1  1  3  8  
1  3  0  0  1  5  
0  3  0  0  0  3  
0  1  3  0  0  4  
59
0  1  3  0  0  4  
3  0  1  1  3  8  
1  3  0  0  1  5  
0  3  0  0  1  4  
0  1  3  3  0  7  
60
0  1  3  0  0  4  
3  0  1  1  3  8  
1  3  0  0  1  5  
0  3  0  0  3  6  
0  1  3  1  0  5  
61
0  1  3  0  0  4  
3  0  1  1  3  8  
1  3  0  0  3  7  
0  3  0  0  0  3  
0  1  1  0  0  2  
62
0  1  3  0  0  4  
3  0  1  1  3  8  
1  3  0  0  3  7  
0  3  0  0  1  4  
0  1  1  3  0  5  
63
0  1  3  0  0  4  
3  0  1  1  3  8  
1  3  0  0  3  7  
0  3  0  0  3  6  
0  1  1  1  0  3  
64
0  1  3  0  0  4  
3  0  1  1  3  8  
1  3  0  1  0  5  
0  3  3  0  0  6  
0  1  0  0  0  1  
65
0  1  3  0  0  4  
3  0  1  1  3  8  
1  3  0  1  0  5  
0  3  3  0  1  7  
0  1  0  3  0  4  
66
0  1  3  0  0  4  
3  0  1  1  3  8  
1  3  0  1  0  5  
0  3  3  0  3  9  
0  1  0  1  0  2  
67
0  1  3  0  0  4  
3  0  1  1  3  8  
1  3  0  1  1  6  
0  3  3  0  0  6  
0  1  3  0  0  4  
68
0  1  3  0  0  4  
3  0  1  1  3  8  
1  3  0  1  1  6  
0  3  3  0  1  7  
0  1  3  3  0  7  
69
0  1  3  0  0  4  
3  0  1  1  3  8  
1  3  0  1  1  6  
0  3  3  0  3  9  
0  1  3  1  0  5  
70
0  1  3  0  0  4  
3  0  1  1  3  8  
1  3  0  1  3  8  
0  3  3  0  0  6  
0  1  1  0  0  2  
71
0  1  3  0  0  4  
3  0  1  1  3  8  
1  3  0  1  3  8  
0  3  3  0  1  7  
0  1  1  3  0  5  
72
0  1  3  0  0  4  
3  0  1  1  3  8  
1  3  0  1  3  8  
0  3  3  0  3  9  
0  1  1  1  0  3  
73
0  1  3  0  0  4  
3  0  1  1  3  8  
1  3  0  3  0  7  
0  3  1  0  0  4  
0  1  0  0  0  1  
74
0  1  3  0  0  4  
3  0  1  1  3  8  
1  3  0  3  0  7  
0  3  1  0  1  5  
0  1  0  3  0  4  
75
0  1  3  0  0  4  
3  0  1  1  3  8  
1  3  0  3  0  7  
0  3  1  0  3  7  
0  1  0  1  0  2  
76
0  1  3  0  0  4  
3  0  1  1  3  8  
1  3  0  3  1  8  
0  3  1  0  0  4  
0  1  3  0  0  4  
77
0  1  3  0  0  4  
3  0  1  1  3  8  
1  3  0  3  1  8  
0  3  1  0  1  5  
0  1  3  3  0  7  
78
0  1  3  0  0  4  
3  0  1  1  3  8  
1  3  0  3  1  8  
0  3  1  0  3  7  
0  1  3  1  0  5  
79
0  1  3  0  0  4  
3  0  1  1  3  8  
1  3  0  3  3  10  
0  3  1  0  0  4  
0  1  1  0  0  2  
80
0  1  3  0  0  4  
3  0  1  1  3  8  
1  3  0  3  3  10  
0  3  1  0  1  5  
0  1  1  3  0  5  
81
0  1  3  0  0  4  
3  0  1  1  3  8  
1  3  0  3  3  10  
0  3  1  0  3  7  
0  1  1  1  0  3  
82
0  1  3  0  0  4  
3  0  3  1  1  8  
1  1  0  0  0  2  
0  3  0  0  0  3  
0  3  0  0  0  3  
83
0  1  3  0  0  4  
3  0  3  1  1  8  
1  1  0  0  0  2  
0  3  0  0  1  4  
0  3  0  3  0  6  
84
0  1  3  0  0  4  
3  0  3  1  1  8  
1  1  0  0  0  2  
0  3  0  0  3  6  
0  3  0  1  0  4  
85
0  1  3  0  0  4  
3  0  3  1  1  8  
1  1  0  0  1  3  
0  3  0  0  0  3  
0  3  3  0  0  6  
86
0  1  3  0  0  4  
3  0  3  1  1  8  
1  1  0  0  1  3  
0  3  0  0  1  4  
0  3  3  3  0  9  
87
0  1  3  0  0  4  
3  0  3  1  1  8  
1  1  0  0  1  3  
0  3  0  0  3  6  
0  3  3  1  0  7  
88
0  1  3  0  0  4  
3  0  3  1  1  8  
1  1  0  0  3  5  
0  3  0  0  0  3  
0  3  1  0  0  4  
89
0  1  3  0  0  4  
3  0  3  1  1  8  
1  1  0  0  3  5  
0  3  0  0  1  4  
0  3  1  3  0  7  
90
0  1  3  0  0  4  
3  0  3  1  1  8  
1  1  0  0  3  5  
0  3  0  0  3  6  
0  3  1  1  0  5  
91
0  1  3  0  0  4  
3  0  3  1  1  8  
1  1  0  1  0  3  
0  3  3  0  0  6  
0  3  0  0  0  3  
92
0  1  3  0  0  4  
3  0  3  1  1  8  
1  1  0  1  0  3  
0  3  3  0  1  7  
0  3  0  3  0  6  
93
0  1  3  0  0  4  
3  0  3  1  1  8  
1  1  0  1  0  3  
0  3  3  0  3  9  
0  3  0  1  0  4  
94
0  1  3  0  0  4  
3  0  3  1  1  8  
1  1  0  1  1  4  
0  3  3  0  0  6  
0  3  3  0  0  6  
95
0  1  3  0  0  4  
3  0  3  1  1  8  
1  1  0  1  1  4  
0  3  3  0  1  7  
0  3  3  3  0  9  
96
0  1  3  0  0  4  
3  0  3  1  1  8  
1  1  0  1  1  4  
0  3  3  0  3  9  
0  3  3  1  0  7  
97
0  1  3  0  0  4  
3  0  3  1  1  8  
1  1  0  1  3  6  
0  3  3  0  0  6  
0  3  1  0  0  4  
98
0  1  3  0  0  4  
3  0  3  1  1  8  
1  1  0  1  3  6  
0  3  3  0  1  7  
0  3  1  3  0  7  
99
0  1  3  0  0  4  
3  0  3  1  1  8  
1  1  0  1  3  6  
0  3  3  0  3  9  
0  3  1  1  0  5  
100
0  1  3  0  0  4  
3  0  3  1  1  8  
1  1  0  3  0  5  
0  3  1  0  0  4  
0  3  0  0  0  3  
101
0  1  3  0  0  4  
3  0  3  1  1  8  
1  1  0  3  0  5  
0  3  1  0  1  5  
0  3  0  3  0  6  
102
0  1  3  0  0  4  
3  0  3  1  1  8  
1  1  0  3  0  5  
0  3  1  0  3  7  
0  3  0  1  0  4  
103
0  1  3  0  0  4  
3  0  3  1  1  8  
1  1  0  3  1  6  
0  3  1  0  0  4  
0  3  3  0  0  6  
104
0  1  3  0  0  4  
3  0  3  1  1  8  
1  1  0  3  1  6  
0  3  1  0  1  5  
0  3  3  3  0  9  
105
0  1  3  0  0  4  
3  0  3  1  1  8  
1  1  0  3  1  6  
0  3  1  0  3  7  
0  3  3  1  0  7  
106
0  1  3  0  0  4  
3  0  3  1  1  8  
1  1  0  3  3  8  
0  3  1  0  0  4  
0  3  1  0  0  4  
107
0  1  3  0  0  4  
3  0  3  1  1  8  
1  1  0  3  3  8  
0  3  1  0  1  5  
0  3  1  3  0  7  
108
0  1  3  0  0  4  
3  0  3  1  1  8  
1  1  0  3  3  8  
0  3  1  0  3  7  
0  3  1  1  0  5  
